%YAML:1.0
num_components: 3
eigenvalues: !!opencv-matrix
   rows: 1
   cols: 3
   dt: d
   data: [ 1.7185495955508823e-001, 1.0157099745158550e-001,
       2.5587768758175325e-002 ]
eigenvectors: !!opencv-matrix
   rows: 25
   cols: 3
   dt: d
   data: [ -5.4549917326728439e-002, 3.3058327300548813e-002,
       1.2497189695724392e-002, -2.1535388614922830e-002,
       -5.6020347229900805e-002, 9.1699355078017741e-002,
       -2.6823635402078584e-002, -2.4804634332956169e-001,
       4.1496065157824349e-002, -1.1468088639088797e-001,
       -8.5419966317202597e-002, -1.3804615282388011e-001,
       4.7585572812787594e-002, 2.4116976505762805e-002,
       -6.1269872619380092e-002, 5.7979749728618288e-002,
       5.9197478675722850e-002, 3.3083264130148192e-002,
       6.7963274169353841e-002, -6.9822880538746284e-003,
       -5.1863996991304007e-002, 1.5780142467839883e-001,
       4.5139167064082733e-002, 1.3561233199263910e-002,
       -1.3960049960345952e-001, 3.7865620238605388e-003,
       -1.4007126371957360e-001, 1.1954133434767353e-001,
       -2.8778497600313946e-001, -1.7443888656572926e-001,
       2.0409232275601577e-001, 2.2390127353072220e-001,
       -8.8716007500475036e-006, 1.6483713596243929e-001,
       1.1018546385756223e-003, 1.9089082413771410e-001,
       -4.0244834916761556e-002, -1.9500239795869811e-001,
       -5.9038980392084876e-002, -1.1799989472760042e-001,
       -1.3882337499108352e-001, -2.0765899408853300e-001,
       4.7185352522805361e-002, 1.9034312943666243e-001,
       2.6455510706375118e-001, 1.4643516518956801e-001,
       -1.6357889687682762e-002, 1.4234413250288996e-001,
       -4.7406464549466593e-002, 1.6151579465247226e-001,
       -2.5601586378038541e-002, -2.8263450580564736e-001,
       -3.3838269766826107e-001, -2.7008793464782271e-001,
       5.1101939572206635e-002, 1.1414537938081586e-001,
       3.0370497071565422e-001, 5.7754312524174470e-002,
       -2.1265831362136045e-001, 2.8882298986470895e-001,
       -1.0153667301787134e-001, -2.8217273438336282e-001,
       1.7065208667807188e-001, -1.8977472786084365e-001,
       -4.5372800720422163e-001, 4.8536749912806504e-001,
       -2.4681546471448837e-002, 4.8103120378530345e-001,
       3.1459130590685408e-001, -3.6705719135446196e-001,
       1.9660792915076927e-002, 1.5635122946444124e-001,
       -7.3211020481570432e-001, 9.5052340692710430e-002,
       4.9382912767367526e-001 ]
