%YAML:1.0
num_components: 3
eigenvalues: !!opencv-matrix
   rows: 1
   cols: 3
   dt: d
   data: [ 1.4332684298827456e-001, 9.1072515965761228e-002,
       2.1821150544709518e-002 ]
eigenvectors: !!opencv-matrix
   rows: 20
   cols: 3
   dt: d
   data: [ -1.8362521453126567e-002, 3.8293665720903106e-002,
       -1.7716565459606579e-002, -4.4581745710122571e-003,
       3.2663688715186688e-003, -4.2343989619670695e-002,
       9.9358650834804788e-002, -4.0254706550169661e-002,
       -4.4159216850515708e-002, 1.6688965049130278e-001,
       1.9109305592397269e-001, 8.6859560107361858e-002,
       -3.6895515946575780e-002, -1.2518459344175356e-001,
       2.9759541244120585e-002, 6.5981288120462139e-002,
       1.4122715005168640e-001, -4.9191503997728689e-002,
       1.5332096799179754e-001, 1.0846254523126501e-001,
       -5.8942429446961236e-002, -4.0852557037788964e-002,
       -2.5974365802705571e-002, 1.2948745643429852e-002,
       -1.0174501414563443e-001, 1.1526341209190116e-001,
       1.0571300451038093e-001, -8.3080173799694401e-002,
       -3.1029977658249330e-002, 5.6387292519816681e-002,
       -3.5165453340123796e-002, -2.2397959701097225e-001,
       2.7028692253566888e-001, -1.9140019253808049e-001,
       2.5315605862494661e-001, 2.0365809951013822e-001,
       1.6849076254244619e-001, 7.0794970011721775e-002,
       5.9236040632605985e-002, -2.5669277596798511e-002,
       -4.0678583004254687e-001, -2.8560812650236000e-001,
       -1.1432296949431535e-001, -2.1999079938914845e-001,
       -3.7467928703481557e-001, 1.2823730322275070e-001,
       -5.2034834522065643e-001, 2.0393358342955181e-001,
       -1.4787932536039097e-001, 5.5519475334208956e-001,
       -2.4214267359210781e-001, -2.5787323560558228e-001,
       1.2152233405030113e-001, 1.9984056839333406e-001,
       6.2076438300012760e-001, -5.3694183959823749e-001,
       1.6020656387521781e-001, 5.8619507295284545e-001,
       -3.7111362793616071e-001, -7.6297131755550074e-001 ]
