%YAML:1.0
num_components: 3
eigenvalues: !!opencv-matrix
   rows: 1
   cols: 3
   dt: d
   data: [ 3.2676200276055878e-001, 1.0953910048525226e-001,
       3.3913489332972786e-002 ]
eigenvectors: !!opencv-matrix
   rows: 30
   cols: 3
   dt: d
   data: [ 8.0304890355158864e-002, -1.7161872822704160e-002,
       -6.4616250029176847e-003, 8.6309221026057183e-003,
       1.4654919144593595e-001, -1.9255024946083638e-003,
       -1.5105004410982184e-002, -4.8417876386811221e-002,
       -1.0465162826709956e-001, -7.2061179596633095e-004,
       -3.5247115823448243e-002, -2.5997100434832503e-003,
       -3.5466301810498722e-002, -1.3928392092358953e-002,
       2.4281513614629598e-002, -4.0364267248437141e-002,
       -3.7538869804342534e-003, -8.6145958511156979e-003,
       9.7957067530062225e-002, -1.1193681645371362e-001,
       6.6381739522714950e-002, 3.1478158604962406e-002,
       2.5529189035693040e-002, -5.1298687208802436e-002,
       -1.2194796488906785e-001, -1.2205437824863991e-001,
       3.1838405581894956e-002, 9.4554588091054131e-002,
       -5.5684191152594875e-002, -3.0639515918287681e-002,
       -1.6214689567762586e-001, 2.6285730084834334e-002,
       3.1586163556950042e-002, 2.2317204936474291e-002,
       -2.1641377703567033e-001, 1.4813482665702163e-001,
       6.8798413164590996e-002, 7.9616183934803880e-002,
       9.0063629649549073e-002, -1.1475318356082684e-001,
       1.4082751923036763e-001, -8.1080703876081461e-002,
       8.9336621779768522e-003, 3.8153807788521954e-002,
       5.7431559659736856e-002, -5.3373282166925287e-002,
       5.9824805192346973e-002, -1.0372249300842679e-001,
       -7.4858420059529834e-002, -9.5088291687656409e-002,
       -2.3344026613898929e-002, -2.2610028369574012e-001,
       7.2757040458831787e-002, -2.4893811761236939e-001,
       -3.3880037376347996e-002, -1.1460197436549988e-001,
       -4.5661849601591892e-002, -1.0564779896606723e-001,
       -1.9429755435331256e-001, 1.6588056146572688e-001,
       1.2721906633740360e-001, -3.0050214166356093e-001,
       3.4797380049586302e-001, 3.1242519600290536e-002,
       -9.3115149885478157e-002, -3.1492757399595722e-001,
       1.2990176433379316e-001, -1.8963994765444800e-001,
       -3.0448993239921862e-001, -4.5560930170618269e-001,
       2.6004537592661298e-001, 2.2348216723187037e-001,
       1.5870337798442774e-001, 8.5430886788052343e-002,
       -1.5293673799556093e-001, -3.3399115383938832e-001,
       4.4172563051930080e-001, -1.0528482376296711e-001,
       -5.9376120138676325e-001, -2.8604913891920297e-001,
       1.1516685200871324e-001, -3.0066671405475087e-002,
       7.5201378939648456e-002, -5.5787063556365823e-001,
       3.1273298587673903e-001, 4.2516880361202508e-001,
       1.9911008094683069e-001, -9.8478966633873857e-002,
       3.6009542027084923e-001, 2.7703051365193082e-001 ]
